,Administrative,Administrative_Duration,Informational,Informational_Duration,ProductRelated,ProductRelated_Duration,BounceRates,ExitRates,PageValues,SpecialDay,Revenue,OperatingSystems_1,OperatingSystems_2,OperatingSystems_3,OperatingSystems_4,OperatingSystems_5,OperatingSystems_6,OperatingSystems_7,OperatingSystems_8,Browser_1,Browser_2,Browser_3,Browser_4,Browser_5,Browser_6,Browser_7,Browser_8,Browser_9,Browser_10,Browser_11,Browser_12,Browser_13,Region_1,Region_2,Region_3,Region_4,Region_5,Region_6,Region_7,Region_8,Region_9,TrafficType_1,TrafficType_2,TrafficType_3,TrafficType_4,TrafficType_5,TrafficType_6,TrafficType_7,TrafficType_8,TrafficType_9,TrafficType_10,TrafficType_11,TrafficType_12,TrafficType_13,TrafficType_14,TrafficType_15,TrafficType_16,TrafficType_17,TrafficType_18,TrafficType_19,TrafficType_20,VisitorType_New_Visitor,VisitorType_Other,VisitorType_Returning_Visitor,Weekend_False,Weekend_True,Month_Aug,Month_Dec,Month_Feb,Month_Jul,Month_June,Month_Mar,Month_May,Month_Nov,Month_Oct,Month_Sep
Administrative,1.0,0.6015833421250465,0.37685042930728413,0.2558481402326161,0.4311193396245173,0.37393901295965976,-0.22356263038423888,-0.3164829975272462,0.09898958539969928,-0.09477759754424928,0.1389170941506559,-0.013718299019956137,0.01652678214180663,0.0008885673764155328,-0.007291750159339718,-0.010950522307705672,-0.0031050101783390125,0.009013995470074023,-0.01832990403687225,-0.019785694576461274,0.04665511097235232,-0.027128187810614726,-0.025142791535371682,-0.0032210081895629856,-0.014249851781216906,0.009142154976889506,-0.028988262944802386,-0.0008545195489920189,-0.00029332332343076444,-0.010950522307705672,-0.0035609256688902626,-0.011910279857990595,-0.010498611959829844,0.008524356366324778,0.01939525996216567,-0.0012047601604975808,0.007205407545589863,-0.0206285473724487,0.0030599571945568783,0.009568533406566375,-0.01617646658611829,-0.06072066866980434,0.11791294380002663,-0.0690107234250645,0.0031312869509989337,0.051672631703445764,-0.016372570919016484,0.010044600823974036,0.028639904091244166,-0.006385279979124257,0.0011946658311655072,-0.02384748934626898,-0.00627717834418867,-0.04030634612900777,0.010459852094577053,-0.01584746668915557,0.003216349885146624,-0.006277178344188765,-0.001845504160884879,-0.010105773590091946,-0.011150167613988363,0.028448675316674242,-0.021184394490473043,-0.022883818977955835,-0.026416750253924377,0.02641675025392423,0.04715887743026824,-0.014443018477087134,-0.06564863886606813,0.006220997582187712,-0.0019023875871681448,-0.055035619279187487,-0.06458698056702983,0.051574411555983815,0.09126589878750052,0.05960651993040102
Administrative_Duration,0.6015833421250465,1.0,0.30270970897579613,0.23803078935000452,0.2890866214062228,0.3554219535016437,-0.14417040950712928,-0.20579775727446142,0.06760848087035075,-0.07330372492126196,0.09358671905703449,0.014409894802454463,-0.025389396155043122,0.029231147416961117,-0.02232160253804402,-0.007022791347433805,-0.002126631438200875,0.009994605629101243,-0.009291719264408877,0.00020310009214904984,0.017828140369211994,-0.008754826564396597,-0.016951965717219106,-0.010181745669776086,0.0010708523042239496,-0.00984762719493804,-0.011476503489921795,0.0157520141551865,-0.000500449998268271,-0.007022791347433805,0.003939013497670294,-0.0028329088362052477,-0.0052693253401732395,0.010926352357022016,0.006170697370027296,0.004097917319718071,0.006790850380984579,-0.01828046188011238,-0.0029694894178304903,0.009468509693666785,-0.009203132398308481,-0.04252637348942525,0.09692718836678099,-0.06203509407084471,-0.00968076508091946,0.02162015735002874,-0.01211210340086946,0.0014590630262134006,0.021859799842287177,-0.004307716450785751,-0.004728741219805388,-0.01480499942568676,-0.004117504935983726,-0.018518855643769844,0.03608200180952486,-0.0033524647258586088,0.018983063782446387,-0.004117504935983488,-0.0013987223698926291,-0.008543751703611276,-0.000682518851606639,0.025043304905205274,-0.008541760066814393,-0.022524527371029245,-0.014990141913818908,0.014990141913818958,0.027950493483565153,-0.00499005431864914,-0.04452394483135256,-0.0020957728219235137,-0.018974328839807635,-0.023198135823343305,-0.039317824772946944,0.032431579877745816,0.055100803603898164,0.03131335889973859
Informational,0.37685042930728413,0.30270970897579613,1.0,0.6189548617813868,0.3741642906577367,0.38750530625986745,-0.11611361638719535,-0.16366606078450502,0.04863169195373808,-0.04821925398952437,0.09520034257205724,-0.0041922900208323476,0.0006330020706943148,0.018178001614226877,-0.023057875436606742,-0.005852798846967991,0.0007035898728245607,0.0012734013485421558,-0.018232712981132757,-0.006355198112989854,0.04246555802230464,-0.01728618267909487,-0.02766076004799542,-0.017450040270969688,-0.008456626852413853,-0.0016999005196951268,-0.030056397744786318,-0.0035707139416306885,-0.0056364720120095765,-0.005852798846967991,-0.006809446292652912,-0.015214823591622626,0.02620462297819172,-0.014584002728650205,0.002889543580857961,0.0019047868145097642,-0.008916915458147679,0.0006791362351088369,-0.011732652435184813,-0.007813352080168116,-0.023811450679453935,-0.05012085169973506,0.12656402988526477,-0.07154665772914336,-0.0012060540993046362,-0.003523495999161771,-0.007740342073359482,0.0009626454797448888,-0.0006694173828108373,-0.007835988827462934,0.0035394464592626474,-0.014757762843098906,-0.00357071394163068,-0.026281626217037002,0.042212066949483706,-0.00361225639050566,-0.006185159662243529,-0.0035707139416310024,-0.004566313169799144,-0.006127525438556986,-0.019662841877541814,-0.0534287503481873,-0.021456964588627187,0.057398999620155905,-0.03578472510756732,0.03578472510756732,0.005881539945373911,0.0028219179443806377,-0.04037239012172172,0.0018955988660196413,0.007175540071445136,-0.027956567116427345,-0.038421577795569144,0.0637539151157776,-0.0026188374798136764,0.009692031222933785
Informational_Duration,0.2558481402326161,0.23803078935000452,0.6189548617813868,1.0,0.2800462678591809,0.34736357744648133,-0.07406660989572517,-0.10527568334786754,0.03086087371677237,-0.030576549486371268,0.07034450234597472,-0.013471613566479388,0.02290094680540415,-0.00406698938862879,-0.016602776516416305,-0.005064665204800475,0.0008259866976464073,-0.00349826587418895,-0.011555969206757555,-0.018090327785508745,0.035988520777394874,-0.009419688009966232,-0.017115569999458798,-0.011341098485395433,0.0037116582875823707,0.00632031341008508,-0.022934510821953268,-0.002205865120665016,-0.00013727818634349964,-0.005064665204800475,-0.0053485770997577856,-0.014907004550828324,0.015874577379781898,0.0034626946315340387,0.002514600387449038,0.004300341233380327,-0.0036298958180262988,-0.0085715576361902,-0.014421523019831982,-0.0022291476691988685,-0.02219549713645914,-0.039116584151989355,0.09981805764117198,-0.04803449817928821,-0.008446126762743079,-0.015971703903103058,-0.007477368653166865,-0.0017125436931960595,0.008160728907521776,0.0004120196910655814,-0.005626499842841103,-0.014580624777383474,-0.00220586512066502,-0.02053297953423927,0.03334223899844222,-0.011428214888856076,-0.0038209803943148094,-0.0022058651206648752,-0.0015935770625961033,0.024024074285815104,-0.01105020174892856,-0.04319955353261942,-0.013489220302644205,0.045500796121198867,-0.024078486249595122,0.02407848624959511,0.0014123767328604068,0.010314276482821492,-0.028059917472133208,0.014957546980405512,-0.015406946961487455,-0.011544570566068647,-0.03181062122120924,0.03689909660346661,0.00643353379134577,0.0017444667843547204
ProductRelated,0.4311193396245173,0.2890866214062228,0.3741642906577367,0.2800462678591809,1.0,0.8609268361763763,-0.20457763335076262,-0.29252628311357676,0.056281794108844097,-0.023958174724001854,0.15853798428086024,-0.0931917344205947,0.12370143659149904,-0.06055084708352592,0.02030466330240603,-0.009706707937109415,-0.009154072327155741,-0.006286948391481406,-0.030279112726856166,-0.08228097331120379,0.09291619109251618,-0.031908824011325464,-0.00726137452131764,-0.001772999320247607,-0.004998036956933902,-0.008575146774469836,-0.03243293740015287,-0.004400701164700532,0.002950151640793069,-0.009706707937109415,-0.009308953811157051,-0.02670912102460367,0.037019556708991715,-0.009338016092419183,0.003919083715141914,-0.011153356766756878,-0.007692124701814895,-0.023134174344833277,-0.0015659787352405648,-0.02148832931475856,-0.011709309544635362,0.0020936166117093177,0.09802323602263846,-0.05953691674407241,-0.022208836909588893,-0.045696280119534326,-0.009227710586651519,-0.0032793755140876433,-0.021334155579707973,-0.022338827142355088,0.005065077638047256,-0.020963710008032287,-0.00581822658007878,0.006897112847299875,0.03492266509919113,-0.019502881038648646,-0.005752056160187333,-0.005615722949310367,-0.011422955483409974,0.006613366632290712,-0.03327815937818185,-0.12272736743147404,-0.03608302407174901,0.1287378094511904,-0.0160919642344704,0.016091964234470398,0.027999377887388686,-0.03390895112761306,-0.05686313294608787,0.020034131024066208,0.015072424146151429,-0.11467175428844463,-0.07222034290657828,0.182339425257164,0.00890700756123365,0.005996551042107967
ProductRelated_Duration,0.37393901295965976,0.3554219535016437,0.38750530625986745,0.34736357744648133,0.8609268361763763,1.0,-0.18454111529429224,-0.25198409740610433,0.05282306295013965,-0.0363798450973802,0.15237261055699797,-0.08822305123043991,0.12158195786297411,-0.05999717571507009,0.00918815115622204,-0.004293297870389356,-0.0037996231308723874,-0.003542070420796543,-0.02324475942504277,-0.07693688322327179,0.08281224654400936,-0.02331177173024251,-0.004647655321670726,-0.0020851689866994054,-0.00017578682989165723,-0.008227668929318123,-0.031380483229987065,-0.00012070080361894024,0.0015508641906370364,-0.004293297870389356,-0.007366239727071347,-0.018252824884910812,0.03383048242277321,-0.002047825844896663,-0.0016295093574085703,-0.013808871951012724,-0.00399484400010234,-0.02202997428606585,-0.007003985145864353,-0.009877881877435579,-0.008020435006047023,0.010226460262508813,0.09377893758428975,-0.07051402614809064,-0.033136001823112896,-0.03469931858021438,-0.005487187575162752,-0.004762127938468805,-0.009746520957009834,-0.01994883990655265,0.006464428657492,-0.02208736465588375,-0.005552331571269396,0.009495089851084652,0.05121201113271207,-0.01916515489450416,-0.004821946533062541,-0.005340544564472449,-0.01029556486508317,0.006147990538366986,-0.03047052998216142,-0.11644665378233787,-0.0271833450350555,0.12048864299064396,-0.007310613811572927,0.0073106138115729405,0.007767027534542268,-0.01756304141072041,-0.04655008916455265,0.0022760940506081607,0.0015057149976751983,-0.08549080154540524,-0.0681333045888245,0.16695137373376848,-0.008773032529791122,0.005950496648398142
BounceRates,-0.22356263038423888,-0.14417040950712928,-0.11611361638719535,-0.07406660989572517,-0.20457763335076262,-0.18454111529429224,1.0,0.9130043961815343,-0.11938602629479111,0.07270225308254728,-0.15067291192604748,0.051866031748994276,-0.12452875512141592,0.11541863252042169,-0.040953608215851235,-0.004139400855390984,0.011962315243118358,0.008719462608527918,0.019241676790734942,0.04101765044117896,-0.023001124406791345,0.029458183778791395,-0.02617076929241474,-0.01042669382089838,-0.009150084748878936,-0.0011840010562643012,0.019383921081410776,-0.00040703740357391486,-0.017372599393220025,-0.004139400855390984,0.002154118520161235,0.01771492100901896,-0.001666990645918022,0.004565629420291824,0.00287295005557468,0.006613548605259936,-0.004995723162352538,0.008340053955033868,-0.009543119221877488,-0.011692842143560062,-0.0020592883516073386,0.10432208262267602,-0.1931683509084666,0.10249934383717786,-0.03768264426582977,-0.03856643384535778,-0.0003504821477535553,-0.01690675633895597,-0.037302387962538694,0.005003705223847464,-0.022310109275283565,5.636075759386969e-05,-0.004121932274751392,0.13799036276831253,-0.013238336265487892,0.054733603156755614,-0.007139975269100449,0.005165304903191428,0.006426459888199498,0.0027277458882632916,0.014076624086803076,-0.13935117420557105,0.0281121061422601,0.12990815616337598,0.046513996531182836,-0.046513996531182836,-0.015662112508173225,-0.016998822598729677,0.06303030771046968,0.009766255107907202,0.041178073672080755,-0.00408969430898908,0.05906249420110181,-0.034281455883752185,-0.04604446957132201,-0.04008076866530411
ExitRates,-0.3164829975272462,-0.20579775727446142,-0.16366606078450502,-0.10527568334786754,-0.29252628311357676,-0.25198409740610433,0.9130043961815343,1.0,-0.17449831000176516,0.10224180209856229,-0.20707108205525215,0.041993104687745496,-0.09306228535900993,0.08499459404067014,-0.03566562167908925,0.0003825654798831393,0.006872047546283854,0.011979184915834181,0.014952720970259521,0.03779078548961405,-0.031814962691920544,0.029521315862762153,-0.017276748623479974,-0.0028813053691804412,0.0008423725603161317,0.0014269049636781196,0.020570604548065502,0.0012838260929467053,-0.012474208306407312,0.0003825654798831393,0.004259060993208988,0.014175979703862788,0.0008915707334800334,-0.00015802824369176127,0.008267547972389688,0.006823611303873015,-0.0077951209733217374,0.005378653597558358,-0.017253561371513487,-0.011931490090131417,0.002935802731990804,0.1295068525147756,-0.23405650395384744,0.12913256996494565,-0.04385883154585628,-0.040452206826046486,0.009302918732675226,-0.021431029972076257,-0.04676404243027946,0.002759274201531613,-0.020676672317861754,0.0020016625043013303,0.004372678021304534,0.14154189594597125,-0.012747289911731465,0.05341289517037717,-0.008049740179638826,0.005917103892816848,0.0058525790150128175,0.005114452288635239,0.011766111081447244,-0.18389843939648604,0.0347633733101877,0.17198667756173402,0.06258704801055155,-0.06258704801055158,-0.020988282359298113,-0.014700185364084099,0.07870866416302483,0.008852323237445536,0.048276172876054575,0.013438977599461449,0.07281541800540567,-0.05680977468903083,-0.0624648643300123,-0.050955965766485894
PageValues,0.09898958539969928,0.06760848087035075,0.04863169195373808,0.03086087371677237,0.056281794108844097,0.05282306295013965,-0.11938602629479111,-0.17449831000176516,1.0,-0.06354127178532677,0.4925692952510324,-0.01926020822356066,0.05213721534905836,-0.06762591859332874,0.024453854504033794,-0.0018116347099731997,0.005868385490928589,-0.0075595098783228145,0.056596028559543876,-0.010301200843484855,-0.012537332192861763,-0.01650655135329252,0.011323368314473035,0.022347184346077072,-0.003764661002183866,-0.008299017710576928,-0.00372185181197283,-0.0028565308375277025,0.0073257878399737965,-0.0018116347099731997,-0.005781798439212568,0.07739007748581006,0.0005522885974537291,0.00029747055371815746,-0.014439349122456669,-0.0014974921465877816,0.02945685292198398,-0.015453412296273556,0.0051152562478669,-0.016781417017772318,0.03419350857883397,-0.06529964088325624,0.08868600545727753,-0.06288591677917633,0.019146692396175967,0.01441175907358575,-0.008462796410868164,0.023591164453239864,0.0402055024746345,-0.006519937729168178,0.0033434394280553743,-0.006318928744516179,-0.002856530837527714,-0.048033079749676404,-0.00166773741257511,-0.01752611719616192,-0.0049480578951497075,-0.002856530837527266,-0.009036442494438685,-0.004786282261410897,0.0635677493438741,0.10495189292837724,0.05520362963899952,-0.11582497700767984,-0.012001639171353436,0.012001639171353428,0.0005015268878772511,0.02051820138043576,-0.033136647800452335,-0.01831671097093153,-0.020804152153328464,-0.04445116784379311,-0.015098598696750318,0.0378560002952817,0.03204552360330584,0.01743893712127425
SpecialDay,-0.09477759754424928,-0.07330372492126196,-0.04821925398952437,-0.030576549486371268,-0.023958174724001854,-0.0363798450973802,0.07270225308254728,0.10224180209856229,-0.06354127178532677,1.0,-0.08230459817951825,-0.0312418954296573,0.011705029669463697,0.02620887362014388,-0.015973108371650356,-0.006814078296338164,0.023210626788097117,0.013180538990173957,-0.02173287824398883,-0.023902224804364044,0.015664982949136673,0.014865742627447437,-0.005181304672570833,0.004514095532232011,0.021818087973022073,-0.00654526403500165,-0.001930503236296873,-0.002781271674535645,0.007808618547010501,-0.006814078296338164,-0.003069089106220504,-0.021775476809778645,0.002323958509673976,0.007357081671407827,0.008430226625455495,-0.0027798986720850264,0.002742298961518302,-0.0073433746251363044,0.0072073514431679605,-0.005441844128389791,-0.02575429139632276,-0.05145060879860472,-0.09195131976219342,0.06716196812580898,0.09930576692624103,-0.009567092270234986,0.06505423613736447,-0.003277533094676637,-0.05223951623051383,-0.018054745997637463,-0.06010427676660043,0.004735995820929089,-0.0027812716745356544,0.08949457517214236,0.005043656983658378,0.0034261206772284924,-0.004817694626978128,0.042496097941299195,0.0026601869997144013,0.02808370238978366,-0.02323371721663446,-0.0827400211091072,-0.025729859056221663,0.08712262135370674,0.016767155269538984,-0.01676715526953899,-0.05891590544358154,-0.12463474434304979,0.10659641602408043,-0.058845360829594316,-0.04775889517587099,-0.13209498099941686,0.46480916793669097,-0.17503938884087628,-0.06666569841895673,-0.05996551558090232
Revenue,0.1389170941506559,0.09358671905703449,0.09520034257205724,0.07034450234597472,0.15853798428086024,0.15237261055699797,-0.15067291192604748,-0.20707108205525215,0.4925692952510324,-0.08230459817951825,1.0,-0.011577059338299545,0.060039551465039205,-0.07047245254804674,0.012815850659117353,0.0007273649934128195,-0.005374897501463349,-0.0007833852622125449,0.013421127867596154,-0.00896487645409678,-0.004182589423372914,-0.027451200708137845,0.015247028424515549,0.016134272539411933,-0.013166868433588323,-0.005640559204214282,0.0002359452628644507,-0.0038534499667977266,0.013305382540841624,0.0007273649934128195,0.011442620967451623,0.020968692592477602,0.014416136315961265,0.009467601998927272,-0.012936579876827297,-0.006023645468009453,0.003948884684976689,-0.011410180896094732,0.0011549820555183453,-0.013579479424058778,0.007792048543289663,-0.06590067169703125,0.11634677192645965,-0.08280775754870709,-0.0003362236793627366,0.02460884506245672,-0.018904724163150713,0.022913156450590468,0.05716688666710578,-0.009619362680024585,0.024353843780888,0.014049572992872792,-0.0038534499667977453,-0.06731004609754519,-8.070001689250977e-05,-0.023789985278154693,0.007703436808790956,-0.0038534499667970245,-0.012190128869846498,-0.009854953018165453,0.0345396564184518,0.1041357462673175,0.0077153128182988725,-0.1038428150310667,-0.029295367971999182,0.029295367971999182,0.01095889587437887,-0.03311151849027226,-0.04711430382660296,-0.0010362198667122498,-0.02311221875412131,-0.06394050803780349,-0.07831961806240041,0.1547740881269636,0.03266607899312839,0.019983251779395677
OperatingSystems_1,-0.013718299019956137,0.014409894802454463,-0.0041922900208323476,-0.013471613566479388,-0.0931917344205947,-0.08822305123043991,0.051866031748994276,0.041993104687745496,-0.01926020822356066,-0.0312418954296573,-0.011577059338299545,1.0,-0.55284680903326,-0.2633154979971602,-0.10343260884693689,-0.0113642069090332,-0.020233428862096593,-0.012275244402108575,-0.0413587236446654,0.8158102279197752,-0.5786018476089341,-0.04773199293004222,-0.12724326333258953,-0.0969695216305387,-0.054862907861298625,-0.0325327313089784,0.2042850710272215,-0.004638477194581309,-0.05437973446217297,-0.0113642069090332,-0.014673509517188855,-0.03063674144536155,0.026117458485753295,-0.011824266774001078,0.020727065956588138,0.009604722404638088,-0.03352193003198768,-0.002233508010425891,-0.04764378629899699,0.02379815590763323,-0.037118206040865125,-0.0663273112101571,0.041365767455700427,0.07959559707580445,0.006289479914921965,0.01177453311163515,-0.05249074391316169,-0.011863951080633877,0.03766647386269612,0.04854016379827703,0.026197900118275268,0.005995438997819565,-0.00463847719458132,-0.12659395587116837,-0.016732412301013775,0.06482057277000597,-0.008034729890753677,0.017486251551714356,-0.014673509517193635,-0.0030287926203374066,-0.02141553541649529,0.0329027629618287,-0.02605521178009479,-0.026100689068635028,-0.0649469055602448,0.06494690556024783,0.0013215904308993235,0.01373932474535602,0.0401361879893176,0.0015502385403720535,-0.007096484304137088,-0.009810945380135848,-0.038588540611200095,0.023903151371146816,0.020190229299159788,-0.014825683624021237
OperatingSystems_2,0.01652678214180663,-0.025389396155043122,0.0006330020706943148,0.02290094680540415,0.12370143659149904,0.12158195786297411,-0.12452875512141592,-0.09306228535900993,0.05213721534905836,0.011705029669463697,0.060039551465039205,-0.55284680903326,1.0,-0.5487853692432747,-0.21556764744039714,-0.02368455534203546,-0.04216922214455226,-0.0255832815880772,-0.0861972143660602,-0.529652126431173,0.2709554074035442,-0.09771027552204739,0.23197811383045802,0.15332145032384015,0.08526462484941882,0.03299920549218541,-0.11293834965050871,-0.00966721837232148,0.10355800694974761,-0.02368455534203546,-0.007732264564204642,-0.06409949530001936,-0.01636252166607009,0.021270290264021153,-0.028109141569222278,-0.024190893801771522,0.04078419176901245,-0.0032686326091377546,0.08216326033927188,-0.05060359719189899,0.019932037067967444,0.07571944887957172,0.04895813941883411,-0.06311400037251313,-0.0019074893819321737,0.0009124347098181413,0.03691877823875245,0.018832406271412534,-0.03226394554760984,-0.05717324913629224,-0.03374367948446091,-0.0432139846147021,0.008390167255719111,-0.03502686859148891,0.005212627253831276,-0.05968235859810864,0.014533374814626507,-0.009667218372320254,-0.002019932504490144,-0.004825620225180768,-0.03622435630895193,0.0137450189678661,-0.05798765260614612,0.00018838144879319363,0.11524217094224311,-0.11524217094224311,0.001933515476152371,-0.026505212503855395,-0.020797179098667826,-0.009972215085603777,0.00626184051233318,0.022066545845084787,0.03469963010940526,-0.02540201806971992,-0.007027036558166306,0.006220792362807886
OperatingSystems_3,0.0008885673764155328,0.029231147416961117,0.018178001614226877,-0.00406698938862879,-0.06055084708352592,-0.05999717571507009,0.11541863252042169,0.08499459404067014,-0.06762591859332874,0.02620887362014388,-0.07047245254804674,-0.2633154979971602,-0.5487853692432747,1.0,-0.10267275040824632,-0.011280720776225366,-0.020084785781004096,-0.01218506541359089,-0.04105488546901914,-0.2548674745086254,0.32059277613826037,0.17909534968699561,-0.12881289128634416,-0.09514809574683739,-0.04250600971017318,-0.003669302646268177,-0.05379142521092997,0.017615663452615744,-0.059175115922970735,-0.011280720776225366,0.027609292631224743,-0.03319741132652856,-0.012116735305777511,-0.0037360109339173385,0.01619256559086564,0.021795940386939217,-0.004917422563129934,0.02202368905732215,-0.03716282790389532,0.04676400525019259,-0.05108906243326837,-0.022007148153628975,-0.08505503888923018,-0.017842556716530004,-0.001789289539840651,-0.010970199597555309,0.013956632705895602,-0.015091474495492857,-0.008609628236345436,0.028494205486503752,0.018942520571354676,0.05115215687078495,-0.0046044010354427,0.18648227750660779,0.008053464470061803,0.01128378495808715,-0.00797570346399886,-0.004604401035442766,0.020580125211393605,0.007966525303281638,-0.011189641313538912,-0.04593482114490358,-0.023248980390399913,0.05047887725008406,-0.07468875134018353,0.07468875134018353,0.0013854723760484632,-0.006264831302832438,-0.01671527418708355,0.02011284560643405,-0.0035490260173768238,-0.006178712511113973,0.004455636458214006,0.006418335991149492,-0.018202415857279552,0.010871431206065655
OperatingSystems_4,-0.007291750159339718,-0.02232160253804402,-0.023057875436606742,-0.016602776516416305,0.02030466330240603,0.00918815115622204,-0.040953608215851235,-0.03566562167908925,0.024453854504033794,-0.015973108371650356,0.012815850659117353,-0.10343260884693689,-0.21556764744039714,-0.10267275040824632,1.0,-0.004431164851418406,-0.007889477859305568,-0.004786399259766169,-0.016126714691204164,0.19291282212529334,-0.1182516646447564,-0.018611798522573164,-0.048825456223676365,0.006373109767595991,-0.013341141713250767,-0.012685257902371743,-0.021129737844828255,-0.001808648616948602,-0.02324449819811624,-0.004431164851418406,-0.005721537819576249,-0.014160495853741956,0.035089851609828464,-0.014584346018963761,0.005135968016595652,-0.0011742967798887523,-0.019423003669249424,-0.02586403366533469,-0.02531843964277759,-0.01328013171182379,0.017263680176738547,0.002086032650291343,-0.023194682018930067,0.03998730086730879,0.008298143780465414,-0.0060809011281983145,-0.007244487253842316,0.010708011913169129,0.02223370933535405,-0.011740921132218586,-0.0009975808359575095,-0.004724303069387063,-0.0018086486169486095,-0.024105217390098174,-0.0065243512249651,-0.011166026376696222,-0.0031329254181610457,-0.0018086486169483433,-0.005721537819579272,0.00386052649352403,-0.008943889076853968,-0.0032605759871427594,-0.01673201306523909,0.007134573344089519,-0.010755280598256412,0.010755280598256409,-0.0017944467148179545,0.0012698795733743669,0.009934122857601915,-0.013132557000265872,0.010667858656032378,-0.005727309177525923,-0.0022760355168615558,-0.0011989232895789463,0.019792415453453817,-0.005316184598986194
OperatingSystems_5,-0.010950522307705672,-0.007022791347433805,-0.005852798846967991,-0.005064665204800475,-0.009706707937109415,-0.004293297870389356,-0.004139400855390984,0.0003825654798831393,-0.0018116347099731997,-0.006814078296338164,0.0007273649934128195,-0.0113642069090332,-0.02368455534203546,-0.011280720776225366,-0.004431164851418406,1.0,-0.0008668219800013348,-0.0005258847489547601,-0.00177185246081289,-0.011021208900361009,-0.02978465472611481,-0.0020448902112942674,-0.005559324689442102,-0.004377850789975514,-0.0026398488357326356,-0.0013937374016186259,-0.0023215378155799445,-0.00019871738069699753,-0.00255388788859562,1.0,-0.0006286290208122978,-0.0015558227391765215,-0.0024608614270827593,-0.007029044532083173,-0.010855945511469426,0.017797689856546218,-0.0035900928316943337,-0.005831459362552045,-0.0056590586925873146,0.035696853801533104,-0.0045879625486130145,0.016653807156965853,-0.015044440489191863,-0.009859029177895743,-0.0067982973111038085,-0.0032384173628226282,-0.004264551883134185,-0.0012587915954066179,0.018629501246916445,-0.0012899825165055344,-0.00429435375087768,0.023092042181359473,-0.00019871738069699745,-0.005567353208610022,0.11259818012347146,-0.0012268184619062563,-0.00034421652010356297,-0.00019871738069700303,-0.0006286290208124328,-0.0008198649141543184,-0.002818812408977467,-0.008805769618933375,-0.0018383569804314296,0.009060265887222863,0.0034435728939071035,-0.0034435728939071052,-0.004209446534238546,0.0016912705032864851,-0.002715764165339228,0.01579572064755676,-0.0034122961238304606,-0.009437973595950597,-0.013515384536925515,0.004638754496128984,-0.004763156757915236,0.03502146741949792
OperatingSystems_6,-0.0031050101783390125,-0.002126631438200875,0.0007035898728245607,0.0008259866976464073,-0.009154072327155741,-0.0037996231308723874,0.011962315243118358,0.006872047546283854,0.005868385490928589,0.023210626788097117,-0.005374897501463349,-0.020233428862096593,-0.04216922214455226,-0.020084785781004096,-0.007889477859305568,-0.0008668219800013348,1.0,-0.0009363127354873789,-0.003154698872254798,-0.019622737252569224,0.011811786848856838,-0.0036408295758973866,-0.009898112690621555,0.024699593697639466,-0.00470012505510143,0.030382841066394033,-0.0041333874522181,-0.0003538068268366373,-0.004547075685026875,-0.0008668219800013348,-0.0011192440154487592,-0.0027700682473621183,-0.022771131237903437,0.008932738292854212,0.011990295596386221,0.022323729014706237,-0.006391989207860808,-0.010382635508037419,-0.010075684330591016,-0.007503683746964434,0.02295281747219131,-0.004025024783216765,0.013194619273386395,-0.006450882356404851,-0.004756160621212566,0.02301670414912866,-0.007592831408896348,-0.0022412184503277565,0.005927540693211926,-0.0022967523990032527,-0.0076458922142671765,-0.005616829276641802,-0.0003538068268366392,-0.009912407086415635,-0.0012762899230075336,0.03511808771131615,-0.0006128611110681043,-0.00035380682683657037,-0.0011192440154489244,-0.0014597304105652652,-0.005018761169098666,-0.003666020427094961,-0.0032731070002905574,0.004362500173611338,0.0020528348160553703,-0.002052834816055373,-0.007494718961132677,-0.003939430352218392,-0.004835288681863199,-0.007485744948892335,-0.0060754306420663495,-0.016803862239091374,0.026999338257370074,0.0018325716240237798,-0.008480573628386712,0.0034215955853355382
OperatingSystems_7,0.009013995470074023,0.009994605629101243,0.0012734013485421558,-0.00349826587418895,-0.006286948391481406,-0.003542070420796543,0.008719462608527918,0.011979184915834181,-0.0075595098783228145,0.013180538990173957,-0.0007833852622125449,-0.012275244402108575,-0.0255832815880772,-0.01218506541359089,-0.004786399259766169,-0.0005258847489547601,-0.0009363127354873789,1.0,-0.0019138970431519953,0.04771570466625021,-0.032172409313052056,-0.002208823485885138,-0.00600500059703651,-0.0047288111553325535,-0.002851478321598505,-0.001505469530270637,-0.0025076491745622165,-0.00021464801147414543,-0.0027586261196268667,-0.0005258847489547601,-0.0006790244959899056,-0.001680548807552519,0.0020006910853494985,0.0041801002362063236,-0.003130760995051258,-0.0077607028319613405,-0.0038779007886837317,0.02126664658862791,-0.0061127300033740565,-0.004552345158004297,-0.004955767000969405,0.013723125002191784,-0.008935378971541594,0.016774807829935855,-0.007343298276774222,-0.0034980324560181936,-0.004606429383940696,-0.0013597054865885404,-0.004031647962303963,-0.001393396898817069,-0.004638620386191855,-0.003407625697335409,-0.00021464801147414594,-0.006013672740703005,-0.0007743013228079576,-0.0013251691541233583,-0.00037181142030759943,-0.00021464801147412618,-0.0006790244959898007,-0.0008855912496593025,-0.003044788916716575,0.0003786072159931339,-0.001985733048840198,9.666362588468882e-05,-0.011054981920258498,0.011054981920258498,-0.004546906389422827,-0.009618837411233346,-0.0029334795762609163,-0.00454146202335928,-0.0036858506033619143,0.008638175887091277,0.000689398258778245,-0.005571945042254579,0.02786978688397952,-0.004627911323554079
OperatingSystems_8,-0.01832990403687225,-0.009291719264408877,-0.018232712981132757,-0.011555969206757555,-0.030279112726856166,-0.02324475942504277,0.019241676790734942,0.014952720970259521,0.056596028559543876,-0.02173287824398883,0.013421127867596154,-0.0413587236446654,-0.0861972143660602,-0.04105488546901914,-0.016126714691204164,-0.00177185246081289,-0.003154698872254798,-0.0019138970431519953,1.0,-0.024853869041419875,-0.07227032941178115,-0.00744214266860987,-0.020232522631993495,-0.005282967690860956,-0.0009896781177861059,-0.005072346929988543,-0.008448969797346498,-0.0007232090455086502,-0.009294581157260066,-0.00177185246081289,-0.002287823000312451,0.7621766965387746,-0.04303222234050819,-0.022066750039870485,-0.026678338078837432,-0.019242609971528105,-0.006653005973823372,-0.01710815746616943,-0.01214750059886076,-0.015338121112488523,0.2739977977005019,-0.034904351210033956,-0.028545865738216436,-0.016777044097567476,-0.02474162095031584,-0.004710896172008167,-0.0100645965684099,-0.004581227193186241,-0.007402708471364373,-0.004694742962153393,-0.010208182427884408,-0.01148124182980399,-0.0007232090455086532,-0.015976686570190548,-0.0026088372156740096,-0.004464864652175726,-0.001252736424358676,-0.0007232090455085369,-0.002287823000312948,-0.0029838040333040085,0.418330073224325,-0.008426063262276323,0.6566991181053228,-0.14638416848717212,0.0177453324505002,-0.0177453324505002,-0.01531979638352685,0.12868045849179444,-0.009883711243336712,-0.015301452795066409,-0.0056886104916132295,-0.034348419106164076,-0.046905578051532774,0.006614288521971791,-0.017334961040726193,-0.015592724610023695
Browser_1,-0.019785694576461274,0.00020310009214904984,-0.006355198112989854,-0.018090327785508745,-0.08228097331120379,-0.07693688322327179,0.04101765044117896,0.03779078548961405,-0.010301200843484855,-0.023902224804364044,-0.00896487645409678,0.8158102279197752,-0.529652126431173,-0.2548674745086254,0.19291282212529334,-0.011021208900361009,-0.019622737252569224,0.04771570466625021,-0.024853869041419875,1.0,-0.6742520002185693,-0.04629133115259287,-0.12584956334691888,-0.09910387341876584,-0.059759744544114285,-0.03155081834795451,-0.052553958745915424,-0.004498477240888019,-0.05781379818076428,-0.011021208900361009,-0.014230629113399684,-0.03522003540149308,0.03770585723020564,-0.017419073812257258,0.018530276125956077,0.0172166940077387,-0.035193786821043314,-0.00881949632586936,-0.052230892009838506,0.011384476369003629,-0.037697012339448915,-0.06222644880555255,0.03341897272146181,0.1221586825671483,0.008325084673757378,0.011415872918692827,-0.06278260760703784,-0.007089270578881635,0.02900536395946679,0.04392170201839185,0.023959900708438526,-0.06127917995365142,-0.004498477240888019,-0.12346553563609751,-0.016227389456448575,0.06373210143424657,-0.007792223187486619,0.01803045223927465,-0.014230629113401524,-0.013092126758815801,-0.03314489151640368,0.025193598391950737,-0.026904086120014267,-0.018347815007981074,-0.06306505061298667,0.06306505061298667,0.0005956809544291569,0.01120070398629234,0.052307459077465715,-0.0013900993824728484,-0.0033669653750272874,-0.006610399222103028,-0.029474038635298204,0.008216101626095663,0.03086412041741282,-0.021093294805715403
Browser_2,0.04665511097235232,0.017828140369211994,0.04246555802230464,0.035988520777394874,0.09291619109251618,0.08281224654400936,-0.023001124406791345,-0.031814962691920544,-0.012537332192861763,0.015664982949136673,-0.004182589423372914,-0.5786018476089341,0.2709554074035442,0.32059277613826037,-0.1182516646447564,-0.02978465472611481,0.011811786848856838,-0.032172409313052056,-0.07227032941178115,-0.6742520002185693,1.0,-0.12510164063285872,-0.3401065913556127,-0.26782675825164953,-0.16149982945236047,-0.08526562188558771,-0.1420262994639287,-0.012157068487179455,-0.15624093806651373,-0.02978465472611481,-0.0384580655815451,-0.09518162693029804,-0.010878856711412062,0.005000465614472284,-0.0194866252270567,-0.00528215849432347,0.03067914273689206,0.02144476158657683,0.0265299177589332,0.012682088229955344,-0.02886733440193141,0.015501489514066684,0.007114176144631875,-0.11376408308990482,-0.00555067595828165,-0.029353247052647607,0.03852045997246766,0.006481179096345126,-0.02315948655436933,-0.026534519420280327,-0.001399229841618508,0.011523077847520062,-0.012157068487179493,0.17691307077901056,0.018842514113881933,-0.04140446731617983,0.0115568410400895,-0.012157068487178178,0.02110580184975196,0.009247866076423257,-0.048346836408198895,-0.027459020125296545,-0.06943172650433363,0.043252500036993206,0.02679141593097737,-0.026791415930977405,-0.006053001844824897,-0.013219035562972815,-0.0626551004318162,6.86576589775105e-05,0.006791596286748025,-0.0024738919178248805,0.006850894479361617,0.02739495841055844,-0.019292340142080047,0.012454139108527247
Browser_3,-0.027128187810614726,-0.008754826564396597,-0.01728618267909487,-0.009419688009966232,-0.031908824011325464,-0.02331177173024251,0.029458183778791395,0.029521315862762153,-0.01650655135329252,0.014865742627447437,-0.027451200708137845,-0.04773199293004222,-0.09771027552204739,0.17909534968699561,-0.018611798522573164,-0.0020448902112942674,-0.0036408295758973866,-0.002208823485885138,-0.00744214266860987,-0.04629133115259287,-0.12510164063285872,1.0,-0.023350300544199402,-0.018387868562115314,-0.011087904943324718,-0.00585398209773405,-0.009750933565988568,-0.0008346536354389113,-0.010726851386848877,-0.0020448902112942674,-0.0026403704382740333,-0.006534773660955104,0.002344911083913598,0.004046847664872466,0.00788009242001839,-0.00019695123895252663,0.023898989053337687,-0.017347444079548444,-0.016433635708676578,0.006246282447280002,-0.010413655663590976,-0.004140784672866344,-0.025263433079305873,0.013094120119135721,0.024768884780756516,-0.0013153597078552127,-0.017911989984434617,-0.00528718211603612,0.02189290620158129,0.024879445544433,0.005497040433754418,0.03714576706138248,-0.0008346536354389097,-0.023384021966484453,-0.003010852090216136,0.01077069909722783,-0.0014457797746471853,-0.0008346536354389841,-0.0026403704382751705,-0.0034436002969045715,-0.004817841227295576,0.016855500338670587,-0.007721475250781957,-0.014695763937033294,-0.017917616926382197,0.017917616926382194,-0.0032957779549496165,0.0007456390916397312,0.024992150941057212,0.0015416906793727229,-0.008488499884877031,0.014061137126005012,0.014570326052789847,-0.01960886982883838,-0.01572699144976936,-0.008561645028635058
Browser_4,-0.025142791535371682,-0.016951965717219106,-0.02766076004799542,-0.017115569999458798,-0.00726137452131764,-0.004647655321670726,-0.02617076929241474,-0.017276748623479974,0.011323368314473035,-0.005181304672570833,0.015247028424515549,-0.12724326333258953,0.23197811383045802,-0.12881289128634416,-0.048825456223676365,-0.005559324689442102,-0.009898112690621555,-0.00600500059703651,-0.020232522631993495,-0.12584956334691888,-0.3401065913556127,-0.023350300544199402,1.0,-0.04999003424191976,-0.030144045565458723,-0.015914882387193484,-0.0265092988460102,-0.0022691245412620993,-0.029162470153911678,-0.005559324689442102,-0.007178222324941809,-0.01776571101597896,-0.0051479830336528575,-0.015162515563879573,0.01604032859012534,-0.008785693128297883,3.888447122525368e-05,-0.01808685466545507,0.01646534309244126,-0.01654462063837942,0.03348769980808632,0.022041156044309652,0.005461678446958372,0.01333840926473437,0.0038801354624430884,0.017822816857184023,0.008262382899939476,0.0036862557189483104,0.013584165232419109,-0.014730120615168983,-0.0015723690414116613,-0.031136745630627117,0.03574487762414392,-0.06357278739889313,-0.008185429354073405,-0.014008859566369387,-0.003930557812981777,-0.0022691245412619476,-0.007178222324939834,-0.009361916862527677,-0.01584730616105013,0.02673156975232447,-0.008579980785239149,-0.024169588679643535,0.04310288377918328,-0.04310288377918329,0.009583908220403652,-0.024746212892881418,0.03675218026207379,0.004120380237549874,-0.0026999862555175634,0.020987313648221095,0.020133889169482302,-0.031087025499184552,-0.00957781654055241,0.0041310561015764176
Browser_5,-0.0032210081895629856,-0.010181745669776086,-0.017450040270969688,-0.011341098485395433,-0.001772999320247607,-0.0020851689866994054,-0.01042669382089838,-0.0028813053691804412,0.022347184346077072,0.004514095532232011,0.016134272539411933,-0.0969695216305387,0.15332145032384015,-0.09514809574683739,0.006373109767595991,-0.004377850789975514,0.024699593697639466,-0.0047288111553325535,-0.005282967690860956,-0.09910387341876584,-0.26782675825164953,-0.018387868562115314,-0.04999003424191976,1.0,-0.02373779929464123,-0.01253263378616541,-0.020875513012420067,-0.001786887656403154,-0.02296482938717343,-0.004377850789975514,-0.00565269848971825,-0.013990122245150243,-0.005269524569674795,0.013182750902702696,0.007493042982249106,-0.015539967829395944,-0.00011869043334272382,0.007757429347813502,0.00914006556963019,-0.017147711742886766,-0.0028865688806176725,0.03743936342816558,-0.018443293530529602,0.010585857077184053,-0.003757204058119045,0.024107738135515127,0.009539664990466351,-0.0038477963887113367,0.0026063182775438905,-0.011599658910734894,-0.011427477480428853,0.0019553755641085217,-0.001786887656403149,-0.04289815465301584,-0.0064458527547570765,-0.011031681066545878,-0.003095231271397238,-0.0017868876564033408,-0.00565269848971874,0.00407756911600789,-0.008447374805236513,-0.002666244924762097,-0.006261218638176346,0.0040866201775771474,0.01470773111675194,-0.014707731116751947,0.0036930627619684697,-0.012744126392784518,-0.006899722937009398,-0.0008365456105175274,0.0058846066023643595,0.01265724902753065,0.01677646257667115,-0.02035197642676315,0.008664792627752814,-0.00673897945610319
